rank_from_low,rank_from_high,percentile,ideology,id,bioguide_id,state,district,name,first_name_x,last_name_x,first_name_y,last_name_y
1,100,0,0.0,400357,S000033,VT,,Sanders,Bernard,Sanders,Bernard,Sanders
2,99,1,0.056155123728515,412239,W000800,VT,,Welch,Peter,Welch,Peter,Welch
3,98,2,0.0720881258375378,412325,M001176,OR,,Merkley,Jeff,Merkley,Jeff,Merkley
4,97,3,0.0839122609778021,412490,B001277,CT,,Blumenthal,Richard,Blumenthal,Richard,Blumenthal
5,96,4,0.0839378983011506,412542,W000817,MA,,Warren,Elizabeth,Warren,Elizabeth,Warren
6,95,5,0.0999698366175254,400253,M000133,MA,,Markey,Edward John,Markey,Edward John,Markey
7,94,6,0.1038228418016586,300100,W000779,OR,,Wyden,Ronald Lee,Wyden,Ronald Lee,Wyden
8,93,7,0.1166037939340233,412598,B001288,NJ,,Booker,Cory Anthony,Booker,Cory Anthony,Booker
9,92,8,0.1338195154138096,456856,P000145,CA,,Padilla,Alejandro (Alex),Padilla,Alejandro (Alex),Padilla
10,91,9,0.1347294807478974,400415,V000128,MD,,Van Hollen,Christopher,Van Hollen,Christopher,Van Hollen
11,90,10,0.1425433472257714,412247,W000802,RI,,Whitehouse,Sheldon,Whitehouse,Sheldon,Whitehouse
12,89,11,0.1505104151272218,412200,H001042,HI,,Hirono,Mazie,Hirono,Mazie,Hirono
13,88,12,0.1606779545726435,412533,D000622,IL,,Duckworth,Tammy,Duckworth,Tammy,Duckworth
14,87,13,0.1730296696272475,300038,D000563,IL,,Durbin,Richard Joseph,Durbin,Richard Joseph,Durbin
15,86,14,0.1846579738510209,412742,S001203,MN,,Smith,Tina,Smith,Tina,Smith
16,85,15,0.1953198849019685,412194,M001169,CT,,Murphy,Christopher,Murphy,Christopher,Murphy
17,84,16,0.1973398202037459,456877,F000479,PA,,Fetterman,John Karl,Fetterman,John Karl,Fetterman
18,83,17,0.2157241269524654,400050,B000944,OH,,Brown,Sherrod,Brown,Sherrod,Brown
19,82,18,0.2190256115877935,300081,R000122,RI,,Reed,John F. (Jack),Reed,John F. (Jack),Reed
20,81,19,0.2392762229675435,400013,B001230,WI,,Baldwin,Tammy,Baldwin,Tammy,Baldwin
21,80,20,0.2423062555372589,300076,M001111,WA,,Murray,Patty,Murray,Patty,Murray
22,79,21,0.2443474426685705,412223,G000555,NY,,Gillibrand,Kirsten,Gillibrand,Kirsten,Gillibrand
23,78,22,0.2493395905604655,412242,K000367,MN,,Klobuchar,Amy,Klobuchar,Amy,Klobuchar
24,77,23,0.2564078493871001,300093,S000770,MI,,Stabenow,Deborah Ann,Stabenow,Deborah Ann,Stabenow
25,76,24,0.2625677499829923,412281,H001046,NM,,Heinrich,Martin,Heinrich,Martin,Heinrich
26,75,25,0.2625864817142204,412293,L000570,NM,,Luj\xc3\xa1n,Ben Ray,Luján,Ben Ray,Luján
27,74,26,0.2686998223239913,412507,S001194,HI,,Schatz,Brian Emanuel,Schatz,Brian Emanuel,Schatz
28,73,27,0.2703592095265006,400064,C000141,MD,,Cardin,Benjamin Louis,Cardin,Benjamin Louis,Cardin
29,72,28,0.2889023779932461,412246,C001070,PA,,Casey,"Robert (Bob), Jr.",Casey,"Robert (Bob), Jr.",Casey
30,71,29,0.3182935831759906,300018,C000127,WA,,Cantwell,Maria E.,Cantwell,Maria E.,Cantwell
31,70,30,0.3222220649349943,412582,K000384,VA,,Kaine,Timothy Michael (Tim),Kaine,Timothy Michael (Tim),Kaine
32,69,31,0.3329167732975283,300087,S000148,NY,,Schumer,Charles Ellis (Chuck),Schumer,Charles Ellis (Chuck),Schumer
33,68,32,0.333698635638476,412681,C001113,NV,,Cortez Masto,Catherine Marie,Cortez Masto,Catherine Marie,Cortez Masto
34,67,33,0.3555498877103137,412323,S001181,NH,,Shaheen,Jeanne,Shaheen,Jeanne,Shaheen
35,66,34,0.3558344229708738,412545,K000383,ME,,King,"Angus Stanley, Jr.",King,"Angus Stanley, Jr.",King
36,65,35,0.3807830886351563,412330,B001267,CO,,Bennet,Michael F.,Bennet,Michael F.,Bennet
37,64,36,0.4111297659793709,412390,C001088,DE,,Coons,Christopher A.,Coons,Christopher A.,Coons
38,63,37,0.4159672466232996,456797,H000273,CO,,Hickenlooper,John Wright,Hickenlooper,John Wright,Hickenlooper
39,62,38,0.4192652978788947,412321,W000805,VA,,Warner,Mark,Warner,Mark,Warner
40,61,39,0.4236156570266756,300019,C000174,DE,,Carper,Thomas Richard,Carper,Thomas Richard,Carper
41,60,40,0.4386165553074179,412715,R000608,NV,,Rosen,Jacklyn Sheryl,Rosen,Jacklyn Sheryl,Rosen
42,59,41,0.4651303217367371,456857,O000174,GA,,Ossoff,Thomas Jonathan (Jon),Ossoff,Thomas Jonathan (Jon),Ossoff
43,58,42,0.4808955320091409,412244,T000464,MT,,Tester,Jon,Tester,Jon,Tester
44,57,43,0.4818493945486223,456794,K000377,AZ,,Kelly,Mark Edward,Kelly,Mark Edward,Kelly
45,56,44,0.4910076497499574,300025,C001035,ME,,Collins,Susan Margaret,Collins,Susan Margaret,Collins
46,55,45,0.5108276562130002,412680,H001076,NH,,Hassan,Margaret (Maggie),Hassan,Margaret (Maggie),Hassan
47,54,46,0.5175410034177224,300075,M001153,AK,,Murkowski,Lisa,Murkowski,Lisa,Murkowski
48,53,47,0.5324033602564899,400361,S001150,CA,,Schiff,Adam,Schiff,Adam,Schiff
49,52,48,0.5389257068320826,412305,P000595,MI,,Peters,Gary C.,Peters,Gary C.,Peters
50,51,49,0.5393705194162491,412509,S001191,AZ,,Sinema,Kyrsten,Sinema,Kyrsten,Sinema
51,50,50,0.5434589271255553,412797,K000394,NJ,,Kim,Andy,Kim,Andy,Kim
52,49,51,0.553130359975418,456858,W000790,GA,,Warnock,Raphael Gamaliel,Warnock,Raphael Gamaliel,Warnock
53,48,52,0.6637885660559526,412492,P000603,KY,,Paul,Rand,Paul,Rand,Paul
54,47,53,0.6893852701793967,412391,M001183,WV,,Manchin,"Joe, Iii",Manchin,"Joe, Iii",Manchin
55,46,54,0.6938785312945375,412841,R000615,UT,,Romney,Willard Mitt (Mitt),Romney,Willard Mitt (Mitt),Romney
56,45,55,0.7020819788924222,300048,G000386,IA,,Grassley,Charles Ernest,Grassley,Charles Ernest,Grassley
57,44,56,0.7042437014570104,300072,M000355,KY,,McConnell,Addison Mitchell (Mitch),Mcconnell,Addison Mitchell (Mitch),Mcconnell
58,43,57,0.7137653054032992,412428,Y000064,IN,,Young,Todd,Young,Todd,Young
59,42,58,0.7382753364380498,400040,B001236,AR,,Boozman,John,Boozman,John,Boozman
60,41,59,0.7483388279018439,400061,C001047,WV,,Capito,Shelley Moore,Capito,Shelley Moore,Capito
61,40,60,0.7489630215126618,400284,M000934,KS,,Moran,Jerry,Moran,Jerry,Moran
62,39,61,0.7644353924105565,412269,C001075,LA,,Cassidy,Bill,Cassidy,Bill,Cassidy
63,38,62,0.7656923228025133,300047,G000359,SC,,Graham,Lindsey O.,Graham,Lindsey O.,Graham
64,37,63,0.7674880166748422,412665,S001198,AK,,Sullivan,Daniel Scott,Sullivan,Daniel Scott,Sullivan
65,36,64,0.7693537435543208,412568,M001190,OK,,Mullin,Markwayne,Mullin,Markwayne,Mullin
66,35,65,0.7868324395703591,412668,T000476,NC,,Tillis,Thomas Roland (Thom),Tillis,Thomas Roland (Thom),Tillis
67,34,66,0.7935679000810402,412679,K000393,LA,,Kennedy,John Neely,Kennedy,John Neely,Kennedy
68,33,67,0.7940923986143935,412669,R000605,SD,,Rounds,Marion Michael (Mike),Rounds,Marion Michael (Mike),Rounds
69,32,68,0.8013726919639635,412496,J000293,WI,,Johnson,Ron,Johnson,Ron,Johnson
70,31,69,0.8067548865291466,400432,W000437,MS,,Wicker,Roger F.,Wicker,Roger F.,Wicker
71,30,70,0.8160077183885625,456876,V000137,OH,,Vance,James David,Vance,James David,Vance
72,29,71,0.825231643034701,412471,S001184,SC,,Scott,Tim,Scott,Tim,Scott
73,28,72,0.8305448311137064,412667,E000295,IA,,Ernst,Joni,Ernst,Joni,Ernst
74,27,73,0.8387458295823472,412556,F000463,NE,,Fischer,Debra (Deb),Fischer,Debra (Deb),Fischer
75,26,74,0.8409842003310483,300027,C001056,TX,,Cornyn,John,Cornyn,John,Cornyn
76,25,75,0.8527763320245998,456796,T000278,AL,,Tuberville,Thomas Hawley (Tommy),Tuberville,Thomas Hawley (Tommy),Tuberville
77,24,76,0.8547743648672725,400546,T000250,SD,,Thune,John,Thune,John,Thune
78,23,77,0.8589960740829816,456875,S001227,MO,,Schmitt,Eric Stephen,Schmitt,Eric Stephen,Schmitt
79,22,78,0.8620036230404031,412494,H001061,ND,,Hoeven,John,Hoeven,John,Hoeven
80,21,79,0.8659191017954849,412840,H001089,MO,,Hawley,Joshua David,Hawley,Joshua David,Hawley
81,20,80,0.8735311150234345,412743,H001079,MS,,Hyde-Smith,Cindy,Hyde-Smith,Cindy,Hyde-Smith
82,19,81,0.878440345015132,412704,M001198,KS,,Marshall,Roger Wayne,Marshall,Roger Wayne,Marshall
83,18,82,0.8849223137868533,412508,C001095,AR,,Cotton,Tom,Cotton,Tom,Cotton
84,17,83,0.8849300137191748,412549,D000618,MT,,Daines,Steve,Daines,Steve,Daines
85,16,84,0.8860267796032182,412491,R000595,FL,,Rubio,Marco,Rubio,Marco,Rubio
86,15,85,0.890714791244327,300030,C000880,ID,,Crapo,Michael Dean,Crapo,Michael Dean,Crapo
87,14,86,0.8918747537968729,412322,R000584,ID,,Risch,James,Risch,James,Risch
88,13,87,0.9013030496380346,412555,C001096,ND,,Cramer,Kevin,Cramer,Kevin,Cramer
89,12,88,0.907918236853886,412495,L000577,UT,,Lee,Mike,Lee,Mike,Lee
90,11,89,0.9165061478136504,412251,B001261,WY,,Barrasso,John A.,Barrasso,John A.,Barrasso
91,10,90,0.9172180626117752,412839,B001310,IN,,Braun,Michael,Braun,Michael,Braun
92,9,91,0.9297887165031304,456798,H000601,TN,,Hagerty,William Francis (Bill),Hagerty,William Francis (Bill),Hagerty
93,8,92,0.9305437972463436,456874,B001319,AL,,Britt,Katie Elizabeth,Britt,Katie Elizabeth,Britt
94,7,93,0.9407769471257896,412294,L000571,WY,,Lummis,Cynthia M.,Lummis,Cynthia M.,Lummis
95,6,94,0.9429965985544788,456952,R000618,NE,,Ricketts,John Peter (Pete),Ricketts,John Peter (Pete),Ricketts
96,5,95,0.9525290835509944,412573,C001098,TX,,Cruz,Rafael Edward (Ted),Cruz,Rafael Edward (Ted),Cruz
97,4,96,0.961569141598222,412712,B001305,NC,,Budd,Theodore Paul,Budd,Theodore Paul,Budd
98,3,97,0.9698604458043616,412464,L000575,OK,,Lankford,James,Lankford,James,Lankford
99,2,98,0.980413112041818,400032,B001243,TN,,Blackburn,Marsha,Blackburn,Marsha,Blackburn
100,1,99,1.0,412838,S001217,FL,,Scott,Richard Lynn (Rick),Scott,Richard Lynn (Rick),Scott
